<?xml version="1.0" encoding="utf-8"?>
<COLLADA xmlns="http://www.collada.org/2005/11/COLLADASchema" version="1.4.1">
  <asset><contributor><author>Mixamo</author><authoring_tool>COLLADA Mixamo exporter</authoring_tool><comments></comments></contributor><created>2019-03-06T07:32:08Z</created><modified>2019-03-06T07:32:08Z</modified><revision></revision><title></title><unit meter="0.010000"/><up_axis>Y_UP</up_axis></asset>
  <library_animations>
    <animation id="Hips-anim" name="Hips"><source id="Hips-Matrix-animation-input"><float_array id="Hips-Matrix-animation-input-array" count="44">

0.000000 0.033333 0.066667 0.100000 0.133333 0.166667 0.200000 0.233333 0.266667 0.300000 0.333333 0.366667 0.400000 0.433333 0.466667 0.500000
0.533333 0.566667 0.600000 0.633333 0.666667 0.700000 0.733333 0.766667 0.800000 0.833333 0.866667 0.900000 0.933333 0.966667 1.000000 1.033333
1.066667 1.100000 1.133333 1.166667 1.200000 1.233333 1.266667 1.300000 1.333333 1.366667 1.400000 1.433333</float_array><technique_common><accessor source="#Hips-Matrix-animation-input-array" count="44"><param name="TIME" type="float"/></accessor></technique_common></source><source id="Hips-Matrix-animation-output-transform"><float_array id="Hips-Matrix-animation-output-transform-array" count="704">

0.992208 -0.067814 0.104525 3.818805 0.079154 0.990944 -0.108463 89.274048 -0.096223 0.115891 0.988590 1.342582 0.000000 0.000000 0.000000 1.000000
0.992504 -0.078111 0.093990 3.427048 0.086400 0.992400 -0.087625 90.054115 -0.086431 0.095089 0.991709 5.842159 0.000000 0.000000 0.000000 1.000000
0.993212 -0.083421 0.081064 3.149168 0.089711 0.992962 -0.077326 90.303871 -0.074043 0.084073 0.993705 10.258155 0.000000 0.000000 0.000000 1.000000
0.994379 -0.085099 0.063000 2.980562 0.089921 0.992879 -0.078136 90.062828 -0.055902 0.083361 0.994950 14.542554 0.000000 0.000000 0.000000 1.000000
0.995568 -0.085197 0.039819 2.891187 0.088333 0.992452 -0.085069 89.565742 -0.032271 0.088210 0.995579 18.626202 0.000000 0.000000 0.000000 1.000000
0.996323 -0.084457 0.014419 2.856912 0.085432 0.992057 -0.092332 88.824707 -0.006506 0.093224 0.995624 22.563641 0.000000 0.000000 0.000000 1.000000
0.996497 -0.082964 -0.010539 2.883164 0.081547 0.991879 -0.097601 87.771873 0.018551 0.096400 0.995170 26.406054 0.000000 0.000000 0.000000 1.000000
0.996098 -0.080430 -0.036317 2.984398 0.076381 0.991879 -0.101699 86.105690 0.044202 0.098529 0.994152 30.120241 0.000000 0.000000 0.000000 1.000000
0.995134 -0.073156 -0.066002 3.365413 0.065791 0.992017 -0.107585 84.395958 0.073346 0.102719 0.992003 34.196724 0.000000 0.000000 0.000000 1.000000
0.992284 -0.069531 -0.102658 3.691962 0.057012 0.991110 -0.120214 82.685188 0.110104 0.113434 0.987426 37.963406 0.000000 0.000000 0.000000 1.000000
0.986564 -0.067317 -0.148859 4.308432 0.045756 0.988549 -0.143796 79.555702 0.156834 0.135053 0.978347 42.871651 0.000000 0.000000 0.000000 1.000000
0.977991 -0.073432 -0.195299 4.793690 0.038980 0.983845 -0.174728 76.244690 0.204974 0.163269 0.965054 48.058014 0.000000 0.000000 0.000000 1.000000
0.970220 -0.084744 -0.226916 4.926509 0.038351 0.978729 -0.201539 72.997437 0.239168 0.186835 0.952833 52.948315 0.000000 0.000000 0.000000 1.000000
0.967907 -0.092483 -0.233671 5.265637 0.041790 0.976108 -0.213227 71.230621 0.247808 0.196619 0.948647 57.588245 0.000000 0.000000 0.000000 1.000000
0.969906 -0.094864 -0.224239 5.775816 0.047625 0.977103 -0.207366 70.767365 0.238777 0.190446 0.952216 62.155308 0.000000 0.000000 0.000000 1.000000
0.972965 -0.093667 -0.211104 6.214031 0.052211 0.979608 -0.194015 71.487907 0.224972 0.177748 0.958015 66.402649 0.000000 0.000000 0.000000 1.000000
0.976254 -0.090090 -0.197008 6.413676 0.053396 0.981437 -0.184201 73.156181 0.209946 0.169308 0.962942 70.662842 0.000000 0.000000 0.000000 1.000000
0.980221 -0.082054 -0.180096 6.554923 0.049229 0.982490 -0.179694 75.579544 0.191687 0.167274 0.967097 75.283409 0.000000 0.000000 0.000000 1.000000
0.984884 -0.067197 -0.159648 6.787754 0.038874 0.983921 -0.174322 78.409935 0.168795 0.165481 0.971661 80.333992 0.000000 0.000000 0.000000 1.000000
0.989164 -0.044195 -0.140004 6.976217 0.021000 0.986402 -0.163003 81.208992 0.145304 0.158297 0.976642 85.724205 0.000000 0.000000 0.000000 1.000000
0.991978 -0.016598 -0.125315 7.006325 -0.002086 0.989058 -0.147511 83.818771 0.126392 0.146589 0.981089 91.378395 0.000000 0.000000 0.000000 1.000000
0.993393 0.009790 -0.114346 6.937752 -0.025292 0.990533 -0.134927 86.219566 0.111942 0.136928 0.984236 97.225327 0.000000 0.000000 0.000000 1.000000
0.994392 0.031350 -0.101006 7.162295 -0.044046 0.991049 -0.126024 88.121819 0.096151 0.129766 0.986872 103.100151 0.000000 0.000000 0.000000 1.000000
0.995600 0.046827 -0.081170 7.778900 -0.056451 0.991088 -0.120653 89.193047 0.074797 0.124704 0.989371 108.814430 0.000000 0.000000 0.000000 1.000000
0.996740 0.057193 -0.056910 8.397050 -0.063582 0.991017 -0.117654 89.601547 0.049669 0.120889 0.991423 114.339897 0.000000 0.000000 0.000000 1.000000
0.997476 0.063925 -0.030898 8.877226 -0.067091 0.991036 -0.115522 89.445892 0.023236 0.117304 0.992824 119.729477 0.000000 0.000000 0.000000 1.000000
0.997697 0.067673 -0.004666 9.242388 -0.067764 0.991195 -0.113755 88.546600 -0.003073 0.113810 0.993498 124.881447 0.000000 0.000000 0.000000 1.000000
0.997448 0.068285 0.020850 9.509356 -0.065531 0.991511 -0.112302 86.796860 -0.028342 0.110649 0.993455 129.631912 0.000000 0.000000 0.000000 1.000000
0.996795 0.066156 0.044987 9.772031 -0.060819 0.991943 -0.111135 84.210999 -0.051977 0.108043 0.992787 133.800369 0.000000 0.000000 0.000000 1.000000
0.996047 0.061671 0.063926 10.035365 -0.054243 0.992220 -0.112055 81.722466 -0.070339 0.108145 0.991644 137.301880 0.000000 0.000000 0.000000 1.000000
0.995361 0.053603 0.079900 9.972610 -0.044239 0.992417 -0.114681 79.093109 -0.085441 0.110614 0.990184 140.863831 0.000000 0.000000 0.000000 1.000000
0.994420 0.041404 0.097031 9.445921 -0.029761 0.992506 -0.118515 75.670471 -0.101211 0.114966 0.988200 145.113220 0.000000 0.000000 0.000000 1.000000
0.993396 0.032140 0.110140 8.771754 -0.018026 0.991761 -0.126824 73.064903 -0.113309 0.124001 0.985791 149.249649 0.000000 0.000000 0.000000 1.000000
0.992751 0.027218 0.117068 8.186595 -0.010648 0.990108 -0.139906 72.054619 -0.119718 0.137645 0.983220 152.755264 0.000000 0.000000 0.000000 1.000000
0.992220 0.024561 0.122046 7.845452 -0.005647 0.988215 -0.152966 72.154053 -0.124365 0.151087 0.980666 155.862259 0.000000 0.000000 0.000000 1.000000
0.991904 0.020984 0.125246 7.671917 -0.000390 0.986753 -0.162232 73.197960 -0.126991 0.160869 0.978772 158.994614 0.000000 0.000000 0.000000 1.000000
0.991857 0.014200 0.126565 7.504035 0.007239 0.985872 -0.167341 75.111565 -0.127154 0.166895 0.977741 162.418991 0.000000 0.000000 0.000000 1.000000
0.991881 0.004516 0.127086 7.197089 0.017246 0.985359 -0.169616 77.721436 -0.125992 0.170431 0.977282 166.418625 0.000000 0.000000 0.000000 1.000000
0.991835 -0.008089 0.127271 6.646298 0.029813 0.985040 -0.169730 80.541245 -0.123994 0.172139 0.977238 170.878418 0.000000 0.000000 0.000000 1.000000
0.991683 -0.021251 0.126939 5.948227 0.042447 0.985096 -0.166686 83.194542 -0.121504 0.170688 0.977805 175.493423 0.000000 0.000000 0.000000 1.000000
0.991612 -0.033178 0.124919 5.260239 0.053159 0.985654 -0.160189 85.492004 -0.117813 0.165486 0.979150 180.135834 0.000000 0.000000 0.000000 1.000000
0.991823 -0.046296 0.118928 4.640091 0.063468 0.987404 -0.144931 87.356216 -0.110721 0.151294 0.982268 184.753891 0.000000 0.000000 0.000000 1.000000
0.992127 -0.060572 0.109613 4.084749 0.073815 0.989892 -0.121101 88.726761 -0.101170 0.128238 0.986570 189.323425 0.000000 0.000000 0.000000 1.000000
0.992229 -0.067611 0.104452 3.825046 0.078947 0.990955 -0.108518 89.277893 -0.096170 0.115921 0.988592 191.563354 0.000000 0.000000 0.000000 1.000000</float_array><technique_common><accessor source="#Hips-Matrix-animation-output-transform-array" count="44" stride="16"><param type="float4x4"/></accessor></technique_common></source><source id="Hips-Interpolations"><Name_array id="Hips-Interpolations-array" count="44">
 LINEAR LINEAR LINEAR LINEAR LINEAR LINEAR LINEAR LINEAR LINEAR LINEAR LINEAR
LINEAR LINEAR LINEAR LINEAR LINEAR LINEAR LINEAR LINEAR LINEAR LINEAR LINEAR LINEAR
LINEAR LINEAR LINEAR LINEAR LINEAR LINEAR LINEAR LINEAR LINEAR LINEAR LINEAR LINEAR
LINEAR LINEAR LINEAR LINEAR LINEAR LINEAR LINEAR LINEAR LINEAR</Name_array><technique_common><accessor source="#Hips-Interpolations-array" count="44"><param type="name"/></accessor></technique_common></source><sampler id="Hips-Matrix-animation-transform"><input semantic="INPUT" source="#Hips-Matrix-animation-input"/><input semantic="OUTPUT" source="#Hips-Matrix-animation-output-transform"/><input semantic="INTERPOLATION" source="#Hips-Interpolations"/></sampler><channel source="#Hips-Matrix-animation-transform" target="Hips/matrix"/></animation>
    <animation id="Spine-anim" name="Spine"><source id="Spine-Matrix-animation-input"><float_array id="Spine-Matrix-animation-input-array" count="44">

0.000000 0.033333 0.066667 0.100000 0.133333 0.166667 0.200000 0.233333 0.266667 0.300000 0.333333 0.366667 0.400000 0.433333 0.466667 0.500000
0.533333 0.566667 0.600000 0.633333 0.666667 0.700000 0.733333 0.766667 0.800000 0.833333 0.866667 0.900000 0.933333 0.966667 1.000000 1.033333
1.066667 1.100000 1.133333 1.166667 1.200000 1.233333 1.266667 1.300000 1.333333 1.366667 1.400000 1.433333</float_array><technique_common><accessor source="#Spine-Matrix-animation-input-array" count="44"><param name="TIME" type="float"/></accessor></technique_common></source><source id="Spine-Matrix-animation-output-transform"><float_array id="Spine-Matrix-animation-output-transform-array" count="704">

0.999699 -0.004254 0.024146 0.000000 0.006188 0.996728 -0.080593 13.784800 -0.023724 0.080718 0.996455 0.064400 0.000000 0.000000 0.000000 1.000000
0.999359 0.001911 0.035756 -0.000000 0.001050 0.996581 -0.082613 13.784800 -0.035792 0.082597 0.995940 0.064400 0.000000 0.000000 0.000000 1.000000
0.998903 0.008057 0.046138 0.000000 -0.004159 0.996461 -0.083959 13.784800 -0.046651 0.083675 0.995401 0.064400 0.000000 0.000000 0.000000 1.000000
0.998369 0.014713 0.055164 0.000000 -0.010031 0.996398 -0.084207 13.784800 -0.056204 0.083517 0.994920 0.064400 0.000000 0.000000 0.000000 1.000000
0.997783 0.022759 0.062545 0.000000 -0.017493 0.996355 -0.083494 13.784800 -0.064217 0.082214 0.994544 0.064400 0.000000 0.000000 0.000000 1.000000
0.997155 0.031379 0.068541 0.000000 -0.025697 0.996279 -0.082264 13.784800 -0.070867 0.080268 0.994251 0.064400 0.000000 0.000000 0.000000 1.000000
0.996513 0.038714 0.073906 0.000000 -0.032709 0.996193 -0.080806 13.784800 -0.076753 0.078107 0.993986 0.064400 0.000000 0.000000 0.000000 1.000000
0.995789 0.044979 0.079877 0.000000 -0.038628 0.996098 -0.079346 13.784800 -0.083134 0.075927 0.993642 0.064400 0.000000 0.000000 0.000000 1.000000
0.995202 0.046650 0.086001 0.000000 -0.039981 0.996174 -0.077706 13.784800 -0.089297 0.073895 0.993260 0.064400 0.000000 0.000000 0.000000 1.000000
0.994489 0.053360 0.090247 0.000000 -0.046497 0.995984 -0.076514 13.784800 -0.093967 0.071896 0.992976 0.064400 0.000000 0.000000 0.000000 1.000000
0.993598 0.056598 0.097769 0.000000 -0.049403 0.995996 -0.074509 13.784800 -0.101595 0.069201 0.992416 0.064400 0.000000 0.000000 0.000000 1.000000
0.992574 0.061616 0.104885 0.000000 -0.054167 0.995900 -0.072448 13.784800 -0.108919 0.066229 0.991842 0.064400 0.000000 0.000000 0.000000 1.000000
0.991847 0.066393 0.108771 0.000000 -0.058733 0.995661 -0.072175 13.784800 -0.113091 0.065198 0.991443 0.064400 0.000000 0.000000 0.000000 1.000000
0.992125 0.066598 0.106074 -0.000000 -0.058773 0.995430 -0.075265 13.784800 -0.110602 0.068438 0.991506 0.064400 0.000000 0.000000 0.000000 1.000000
0.993130 0.064554 0.097604 0.000000 -0.056692 0.995077 -0.081286 13.784800 -0.102371 0.075194 0.991900 0.064400 0.000000 0.000000 0.000000 1.000000
0.994440 0.061633 0.085386 0.000000 -0.054159 0.994714 -0.087243 13.784800 -0.090311 0.082134 0.992521 0.064400 0.000000 0.000000 0.000000 1.000000
0.995881 0.058329 0.069419 -0.000000 -0.051947 0.994547 -0.090436 13.784800 -0.074315 0.086457 0.993480 0.064400 0.000000 0.000000 0.000000 1.000000
0.997240 0.054211 0.050722 0.000000 -0.049463 0.994659 -0.090589 13.784800 -0.055362 0.087830 0.994596 0.064400 0.000000 0.000000 0.000000 1.000000
0.998250 0.049971 0.031613 0.000000 -0.046975 0.994896 -0.089303 13.784800 -0.035914 0.087662 0.995503 0.064400 0.000000 0.000000 0.000000 1.000000
0.998829 0.046185 0.014421 -0.000000 -0.044749 0.995145 -0.087653 13.784800 -0.018399 0.086905 0.996047 0.064400 0.000000 0.000000 0.000000 1.000000
0.999025 0.044140 -0.000945 0.000000 -0.044060 0.995382 -0.085284 13.784800 -0.002823 0.085243 0.996356 0.064400 0.000000 0.000000 0.000000 1.000000
0.998931 0.043626 -0.015271 0.000000 -0.044734 0.995637 -0.081888 13.784800 0.011632 0.082484 0.996525 0.064400 0.000000 0.000000 0.000000 1.000000
0.998724 0.041277 -0.029103 0.000000 -0.043459 0.995941 -0.078822 13.784800 0.025732 0.079987 0.996464 0.064400 0.000000 0.000000 0.000000 1.000000
0.998525 0.034228 -0.042137 0.000000 -0.037447 0.996238 -0.078151 13.784800 0.039304 0.079613 0.996051 0.064400 0.000000 0.000000 0.000000 1.000000
0.998298 0.024270 -0.053030 -0.000000 -0.028491 0.996360 -0.080347 13.784800 0.050887 0.081721 0.995355 0.064400 0.000000 0.000000 0.000000 1.000000
0.998094 0.012435 -0.060446 0.000000 -0.017517 0.996288 -0.084284 13.784800 0.059173 0.085183 0.994607 0.064400 0.000000 0.000000 0.000000 1.000000
0.997911 -0.001321 -0.064584 -0.000000 -0.004427 0.996042 -0.088773 13.784800 0.064445 0.088873 0.993956 0.064400 0.000000 0.000000 0.000000 1.000000
0.997626 -0.015220 -0.067165 0.000000 0.008922 0.995618 -0.093091 13.784800 0.068288 0.092271 0.993390 0.064400 0.000000 0.000000 0.000000 1.000000
0.997172 -0.027478 -0.069950 0.000000 0.020640 0.995103 -0.096662 13.784800 0.072263 0.094945 0.992856 0.064400 0.000000 0.000000 0.000000 1.000000
0.996665 -0.037155 -0.072654 -0.000000 0.029869 0.994648 -0.098912 13.784800 0.075941 0.096412 0.992440 0.064400 0.000000 0.000000 0.000000 1.000000
0.996251 -0.040270 -0.076570 -0.000000 0.032550 0.994502 -0.099527 13.784800 0.080157 0.096661 0.992084 0.064400 0.000000 0.000000 0.000000 1.000000
0.995859 -0.035942 -0.083499 0.000000 0.027575 0.994677 -0.099279 13.784800 0.086623 0.096566 0.991550 0.064400 0.000000 0.000000 0.000000 1.000000
0.995570 -0.032199 -0.088339 0.000000 0.023299 0.994715 -0.099995 13.784800 0.091092 0.097493 0.991059 0.064400 0.000000 0.000000 0.000000 1.000000
0.995703 -0.031928 -0.086931 0.000000 0.022951 0.994482 -0.102369 13.784800 0.089720 0.099934 0.990941 0.064400 0.000000 0.000000 0.000000 1.000000
0.996135 -0.034798 -0.080646 -0.000000 0.026169 0.994056 -0.105680 13.784800 0.083844 0.103161 0.991125 0.064400 0.000000 0.000000 0.000000 1.000000
0.996838 -0.037734 -0.069925 0.000000 0.029990 0.993625 -0.108672 13.784800 0.073580 0.106232 0.991615 0.064400 0.000000 0.000000 0.000000 1.000000
0.997692 -0.038662 -0.055813 0.000000 0.032322 0.993369 -0.110337 13.784800 0.059709 0.108279 0.992326 0.064400 0.000000 0.000000 0.000000 1.000000
0.998506 -0.036786 -0.040400 0.000000 0.032164 0.993450 -0.109649 13.784800 0.044169 0.108186 0.993149 0.064400 0.000000 0.000000 0.000000 1.000000
0.999122 -0.031726 -0.027351 -0.000000 0.028672 0.993993 -0.105622 13.784800 0.030537 0.104745 0.994030 0.064400 0.000000 0.000000 0.000000 1.000000
0.999545 -0.025202 -0.016590 0.000000 0.023451 0.994869 -0.098416 13.784800 0.018985 0.097982 0.995007 0.064400 0.000000 0.000000 0.000000 1.000000
0.999801 -0.019132 -0.005720 0.000000 0.018539 0.995762 -0.090084 13.784800 0.007419 0.089960 0.995918 0.064400 0.000000 0.000000 0.000000 1.000000
0.999889 -0.013552 0.006241 0.000000 0.014026 0.996399 -0.083617 13.784800 -0.005086 0.083696 0.996478 0.064400 0.000000 0.000000 0.000000 1.000000
0.999816 -0.008165 0.017343 0.000000 0.009540 0.996689 -0.080745 13.784800 -0.016626 0.080896 0.996584 0.064400 0.000000 0.000000 0.000000 1.000000
0.999739 -0.005417 0.022205 -0.000000 0.007184 0.996746 -0.080283 13.784800 -0.021698 0.080422 0.996525 0.064400 0.000000 0.000000 0.000000 1.000000</float_array><technique_common><accessor source="#Spine-Matrix-animation-output-transform-array" count="44" stride="16"><param type="float4x4"/></accessor></technique_common></source><source id="Spine-Interpolations"><Name_array id="Spine-Interpolations-array" count="44">
 LINEAR LINEAR LINEAR LINEAR LINEAR LINEAR LINEAR LINEAR LINEAR LINEAR LINEAR
LINEAR LINEAR LINEAR LINEAR LINEAR LINEAR LINEAR LINEAR LINEAR LINEAR LINEAR LINEAR
LINEAR LINEAR LINEAR LINEAR LINEAR LINEAR LINEAR LINEAR LINEAR LINEAR LINEAR LINEAR
LINEAR LINEAR LINEAR LINEAR LINEAR LINEAR LINEAR LINEAR LINEAR</Name_array><technique_common><accessor source="#Spine-Interpolations-array" count="44"><param type="name"/></accessor></technique_common></source><sampler id="Spine-Matrix-animation-transform"><input semantic="INPUT" source="#Spine-Matrix-animation-input"/><input semantic="OUTPUT" source="#Spine-Matrix-animation-output-transform"/><input semantic="INTERPOLATION" source="#Spine-Interpolations"/></sampler><channel source="#Spine-Matrix-animation-transform" target="Spine/matrix"/></animation>
    <animation id="Spine1-anim" name="Spine1"><source id="Spine1-Matrix-animation-input"><float_array id="Spine1-Matrix-animation-input-array" count="44">

0.000000 0.033333 0.066667 0.100000 0.133333 0.166667 0.200000 0.233333 0.266667 0.300000 0.333333 0.366667 0.400000 0.433333 0.466667 0.500000
0.533333 0.566667 0.600000 0.633333 0.666667 0.700000 0.733333 0.766667 0.800000 0.833333 0.866667 0.900000 0.933333 0.966667 1.000000 1.033333
1.066667 1.100000 1.133333 1.166667 1.200000 1.233333 1.266667 1.300000 1.333333 1.366667 1.400000 1.433333</float_array><technique_common><accessor source="#Spine1-Matrix-animation-input-array" count="44"><param name="TIME" type="float"/></accessor></technique_common></source><source id="Spine1-Matrix-animation-output-transform"><float_array id="Spine1-Matrix-animation-output-transform-array" count="704">

0.998224 0.049351 0.033370 0.000000 -0.042886 0.984078 -0.172485 12.037900 -0.041351 0.170747 0.984447 0.404700 0.000000 0.000000 0.000000 1.000000
0.996716 0.062079 0.051991 0.000000 -0.051788 0.982292 -0.180056 12.037900 -0.062248 0.176772 0.982281 0.404700 0.000000 0.000000 0.000000 1.000000
0.995240 0.071451 0.066279 0.000000 -0.058015 0.980800 -0.186189 12.037900 -0.078310 0.181457 0.980276 0.404700 0.000000 0.000000 0.000000 1.000000
0.994011 0.077589 0.076950 -0.000000 -0.061792 0.979874 -0.189814 12.037900 -0.090129 0.183922 0.978800 0.404700 0.000000 0.000000 0.000000 1.000000
0.993009 0.081620 0.085273 -0.000000 -0.064100 0.979480 -0.191076 12.037900 -0.099119 0.184275 0.977864 0.404700 0.000000 0.000000 0.000000 1.000000
0.992111 0.085071 0.092076 -0.000000 -0.066223 0.979304 -0.191255 12.037900 -0.106441 0.183649 0.977212 0.404700 0.000000 0.000000 0.000000 1.000000
0.991258 0.088937 0.097452 0.000000 -0.068988 0.979017 -0.191746 12.037900 -0.112461 0.183347 0.976594 0.404700 0.000000 0.000000 0.000000 1.000000
0.990379 0.093590 0.101937 0.000000 -0.072574 0.978464 -0.193241 12.037900 -0.117827 0.183983 0.975842 0.404700 0.000000 0.000000 0.000000 1.000000
0.989296 0.099203 0.107013 -0.000000 -0.076920 0.977728 -0.195271 12.037900 -0.124001 0.184950 0.974893 0.404700 0.000000 0.000000 0.000000 1.000000
0.987841 0.106130 0.113604 0.000000 -0.082408 0.977088 -0.196232 12.037900 -0.131827 0.184485 0.973954 0.404700 0.000000 0.000000 0.000000 1.000000
0.986087 0.114720 0.120296 0.000000 -0.089896 0.976758 -0.194585 12.037900 -0.139822 0.181064 0.973481 0.404700 0.000000 0.000000 0.000000 1.000000
0.984411 0.124806 0.123928 0.000000 -0.099738 0.976481 -0.191145 12.037900 -0.144870 0.175805 0.973707 0.404700 0.000000 0.000000 0.000000 1.000000
0.983257 0.135152 0.122225 0.000000 -0.110536 0.975623 -0.189584 12.037900 -0.144868 0.172900 0.974227 0.404700 0.000000 0.000000 0.000000 1.000000
0.982969 0.142969 0.115468 0.000000 -0.119000 0.973975 -0.192905 12.037900 -0.140042 0.175879 0.974400 0.404700 0.000000 0.000000 0.000000 1.000000
0.983788 0.144893 0.105676 0.000000 -0.121761 0.972287 -0.199581 12.037900 -0.131665 0.183478 0.974166 0.404700 0.000000 0.000000 0.000000 1.000000
0.985765 0.139154 0.094356 -0.000000 -0.117606 0.971778 -0.204490 12.037900 -0.120149 0.190482 0.974310 0.404700 0.000000 0.000000 0.000000 1.000000
0.988683 0.126328 0.080913 0.000000 -0.107668 0.973099 -0.203680 12.037900 -0.104467 0.192663 0.975688 0.404700 0.000000 0.000000 0.000000 1.000000
0.992112 0.108129 0.063419 0.000000 -0.093702 0.975754 -0.197798 12.037900 -0.083269 0.190295 0.978189 0.404700 0.000000 0.000000 0.000000 1.000000
0.995439 0.086134 0.041009 0.000000 -0.076810 0.978591 -0.190946 12.037900 -0.056578 0.186925 0.980743 0.404700 0.000000 0.000000 0.000000 1.000000
0.997977 0.061722 0.015210 0.000000 -0.057813 0.980740 -0.186564 12.037900 -0.026432 0.185307 0.982325 0.404700 0.000000 0.000000 0.000000 1.000000
0.999263 0.036732 -0.011159 0.000000 -0.038163 0.982006 -0.184955 12.037900 0.004164 0.185244 0.982684 0.404700 0.000000 0.000000 0.000000 1.000000
0.999266 0.013395 -0.035884 0.000000 -0.019804 0.982594 -0.184707 12.037900 0.032785 0.185282 0.982138 0.404700 0.000000 0.000000 0.000000 1.000000
0.998306 -0.006680 -0.057798 0.000000 -0.004136 0.982728 -0.185009 12.037900 0.058036 0.184935 0.981036 0.404700 0.000000 0.000000 0.000000 1.000000
0.996842 -0.023029 -0.075999 0.000000 0.008521 0.982521 -0.185956 12.037900 0.078953 0.184721 0.979615 0.404700 0.000000 0.000000 0.000000 1.000000
0.995335 -0.035864 -0.089564 0.000000 0.018489 0.982040 -0.187764 12.037900 0.094689 0.185232 0.978122 0.404700 0.000000 0.000000 0.000000 1.000000
0.994121 -0.045734 -0.098146 -0.000000 0.026340 0.981338 -0.190480 12.037900 0.105026 0.186775 0.976773 0.404700 0.000000 0.000000 0.000000 1.000000
0.993292 -0.053644 -0.102433 0.000000 0.032941 0.980442 -0.194030 12.037900 0.110838 0.189354 0.975633 0.404700 0.000000 0.000000 0.000000 1.000000
0.992761 -0.060451 -0.103781 0.000000 0.038936 0.979421 -0.198036 12.037900 0.113616 0.192562 0.974685 0.404700 0.000000 0.000000 0.000000 1.000000
0.992441 -0.065946 -0.103500 0.000000 0.043990 0.978474 -0.201627 12.037900 0.114568 0.195550 0.973979 0.404700 0.000000 0.000000 0.000000 1.000000
0.992305 -0.069318 -0.102600 0.000000 0.047230 0.977860 -0.203861 12.037900 0.114459 0.197447 0.973609 0.404700 0.000000 0.000000 0.000000 1.000000
0.992310 -0.070420 -0.101792 0.000000 0.048375 0.977619 -0.204746 12.037900 0.113932 0.198247 0.973508 0.404700 0.000000 0.000000 0.000000 1.000000
0.992423 -0.069860 -0.101071 0.000000 0.047854 0.977440 -0.205720 12.037900 0.113162 0.199325 0.973378 0.404700 0.000000 0.000000 0.000000 1.000000
0.992702 -0.068082 -0.099537 0.000000 0.046093 0.976932 -0.208519 12.037900 0.111437 0.202409 0.972940 0.404700 0.000000 0.000000 0.000000 1.000000
0.993236 -0.064995 -0.096216 -0.000000 0.043228 0.976072 -0.213108 12.037900 0.107764 0.207507 0.972280 0.404700 0.000000 0.000000 0.000000 1.000000
0.994051 -0.060341 -0.090668 0.000000 0.039373 0.975288 -0.217400 12.037900 0.101546 0.212537 0.971862 0.404700 0.000000 0.000000 0.000000 1.000000
0.995108 -0.054026 -0.082717 0.000000 0.034688 0.974995 -0.219504 12.037900 0.092508 0.215560 0.972099 0.404700 0.000000 0.000000 0.000000 1.000000
0.996302 -0.045973 -0.072589 0.000000 0.029042 0.975277 -0.219071 12.037900 0.080866 0.216153 0.973005 0.404700 0.000000 0.000000 0.000000 1.000000
0.997479 -0.035788 -0.061272 0.000000 0.021780 0.976231 -0.215634 12.037900 0.067533 0.213756 0.974550 0.404700 0.000000 0.000000 0.000000 1.000000
0.998512 -0.022842 -0.049508 0.000000 0.012087 0.978154 -0.207529 12.037900 0.053167 0.206622 0.976975 0.404700 0.000000 0.000000 0.000000 1.000000
0.999320 -0.007117 -0.036184 0.000000 -0.000060 0.980888 -0.194575 12.037900 0.036877 0.194445 0.980220 0.404700 0.000000 0.000000 0.000000 1.000000
0.999767 0.010170 -0.019054 -0.000000 -0.013448 0.983437 -0.180750 12.037900 0.016900 0.180964 0.983345 0.404700 0.000000 0.000000 0.000000 1.000000
0.999632 0.027069 0.001779 -0.000000 -0.026361 0.984770 -0.171852 12.037900 -0.006404 0.171742 0.985121 0.404700 0.000000 0.000000 0.000000 1.000000
0.998928 0.041045 0.021395 0.000000 -0.036816 0.984723 -0.170189 12.037900 -0.028054 0.169219 0.985179 0.404700 0.000000 0.000000 0.000000 1.000000
0.998453 0.046890 0.029889 0.000000 -0.041109 0.984400 -0.171075 12.037900 -0.037444 0.169582 0.984805 0.404700 0.000000 0.000000 0.000000 1.000000</float_array><technique_common><accessor source="#Spine1-Matrix-animation-output-transform-array" count="44" stride="16"><param type="float4x4"/></accessor></technique_common></source><source id="Spine1-Interpolations"><Name_array id="Spine1-Interpolations-array" count="44">
 LINEAR LINEAR LINEAR LINEAR LINEAR LINEAR LINEAR LINEAR LINEAR LINEAR LINEAR
LINEAR LINEAR LINEAR LINEAR LINEAR LINEAR LINEAR LINEAR LINEAR LINEAR LINEAR LINEAR
LINEAR LINEAR LINEAR LINEAR LINEAR LINEAR LINEAR LINEAR LINEAR LINEAR LINEAR LINEAR
LINEAR LINEAR LINEAR LINEAR LINEAR LINEAR LINEAR LINEAR LINEAR</Name_array><technique_common><accessor source="#Spine1-Interpolations-array" count="44"><param type="name"/></accessor></technique_common></source><sampler id="Spine1-Matrix-animation-transform"><input semantic="INPUT" source="#Spine1-Matrix-animation-input"/><input semantic="OUTPUT" source="#Spine1-Matrix-animation-output-transform"/><input semantic="INTERPOLATION" source="#Spine1-Interpolations"/></sampler><channel source="#Spine1-Matrix-animation-transform" target="Spine1/matrix"/></animation>
    <animation id="Spine2-anim" name="Spine2"><source id="Spine2-Matrix-animation-input"><float_array id="Spine2-Matrix-animation-input-array" count="44">

0.000000 0.033333 0.066667 0.100000 0.133333 0.166667 0.200000 0.233333 0.266667 0.300000 0.333333 0.366667 0.400000 0.433333 0.466667 0.500000
0.533333 0.566667 0.600000 0.633333 0.666667 0.700000 0.733333 0.766667 0.800000 0.833333 0.866667 0.900000 0.933333 0.966667 1.000000 1.033333
1.066667 1.100000 1.133333 1.166667 1.200000 1.233333 1.266667 1.300000 1.333333 1.366667 1.400000 1.433333</float_array><technique_common><accessor source="#Spine2-Matrix-animation-input-array" count="44"><param name="TIME" type="float"/></accessor></technique_common></source><source id="Spine2-Matrix-animation-output-transform"><float_array id="Spine2-Matrix-animation-output-transform-array" count="704">

0.998355 0.048313 0.030868 0.000000 -0.042265 0.983992 -0.173130 17.795601 -0.038738 0.171541 0.984415 0.420200 0.000000 0.000000 0.000000 1.000000
0.996916 0.061095 0.049260 0.000000 -0.051245 0.982143 -0.181023 17.795601 -0.059440 0.177940 0.982244 0.420200 0.000000 0.000000 0.000000 1.000000
0.995512 0.070324 0.063333 0.000000 -0.057343 0.980593 -0.187479 17.795601 -0.075288 0.183006 0.980225 0.420200 0.000000 0.000000 0.000000 1.000000
0.994368 0.076087 0.073775 -0.000000 -0.060752 0.979615 -0.191475 17.795601 -0.086840 0.185915 0.978721 0.420200 0.000000 0.000000 0.000000 1.000000
0.993464 0.079606 0.081801 0.000000 -0.062554 0.979167 -0.193183 17.795601 -0.095476 0.186804 0.977747 0.420200 0.000000 0.000000 0.000000 1.000000
0.992672 0.082617 0.088183 0.000000 -0.064252 0.978924 -0.193854 17.795601 -0.102341 0.186768 0.977059 0.420200 0.000000 0.000000 0.000000 1.000000
0.991920 0.086302 0.092987 -0.000000 -0.066876 0.978556 -0.194821 17.795601 -0.107806 0.187028 0.976421 0.420200 0.000000 0.000000 0.000000 1.000000
0.991131 0.091101 0.096748 0.000000 -0.070680 0.977904 -0.196745 17.795601 -0.112534 0.188162 0.975670 0.420200 0.000000 0.000000 0.000000 1.000000
0.990134 0.097125 0.101004 -0.000000 -0.075522 0.977047 -0.199189 17.795601 -0.118031 0.189596 0.974742 0.420200 0.000000 0.000000 0.000000 1.000000
0.988761 0.104597 0.106823 0.000000 -0.081608 0.976275 -0.200569 17.795601 -0.125267 0.189597 0.973838 0.420200 0.000000 0.000000 0.000000 1.000000
0.987064 0.113752 0.112980 0.000000 -0.089651 0.975837 -0.199262 17.795601 -0.132916 0.186556 0.973412 0.420200 0.000000 0.000000 0.000000 1.000000
0.985390 0.124322 0.116411 0.000000 -0.099929 0.975512 -0.195933 17.795601 -0.137919 0.181437 0.973683 0.420200 0.000000 0.000000 0.000000 1.000000
0.984184 0.134923 0.114796 0.000000 -0.110969 0.974669 -0.194182 17.795601 -0.138088 0.178372 0.974225 0.420200 0.000000 0.000000 0.000000 1.000000
0.983823 0.142650 0.108370 -0.000000 -0.119385 0.973091 -0.197082 17.795601 -0.133567 0.180956 0.974379 0.420200 0.000000 0.000000 0.000000 1.000000
0.984565 0.144204 0.099183 0.000000 -0.121822 0.971526 -0.203217 17.795601 -0.125663 0.187997 0.974097 0.420200 0.000000 0.000000 0.000000 1.000000
0.986440 0.138066 0.088741 -0.000000 -0.117261 0.971177 -0.207522 17.795601 -0.114835 0.194302 0.974197 0.420200 0.000000 0.000000 0.000000 1.000000
0.989212 0.125055 0.076291 -0.000000 -0.107072 0.972666 -0.206049 17.795601 -0.099973 0.195658 0.975563 0.420200 0.000000 0.000000 0.000000 1.000000
0.992476 0.106922 0.059652 0.000000 -0.093101 0.975470 -0.199475 17.795601 -0.079517 0.192420 0.978086 0.420200 0.000000 0.000000 0.000000 1.000000
0.995656 0.085105 0.037771 0.000000 -0.076349 0.978424 -0.191984 17.795601 -0.053295 0.188267 0.980671 0.420200 0.000000 0.000000 0.000000 1.000000
0.998073 0.060854 0.012144 0.000000 -0.057516 0.980656 -0.187096 17.795601 -0.023294 0.186037 0.982267 0.420200 0.000000 0.000000 0.000000 1.000000
0.999250 0.035992 -0.014310 0.000000 -0.038021 0.981979 -0.185127 17.795601 0.007389 0.185532 0.982610 0.420200 0.000000 0.000000 0.000000 1.000000
0.999148 0.012782 -0.039234 0.000000 -0.019820 0.982610 -0.184622 17.795601 0.036191 0.185243 0.982026 0.420200 0.000000 0.000000 0.000000 1.000000
0.998091 -0.007127 -0.061350 0.000000 -0.004336 0.982782 -0.184720 17.795601 0.061610 0.184633 0.980874 0.420200 0.000000 0.000000 0.000000 1.000000
0.996548 -0.023234 -0.079703 0.000000 0.008073 0.982612 -0.185495 17.795601 0.082626 0.184211 0.979408 0.420200 0.000000 0.000000 0.000000 1.000000
0.994993 -0.035693 -0.093353 0.000000 0.017673 0.982169 -0.187170 17.795601 0.098369 0.184583 0.977882 0.420200 0.000000 0.000000 0.000000 1.000000
0.993772 -0.045012 -0.101941 0.000000 0.024986 0.981503 -0.189807 17.795601 0.108599 0.186078 0.976515 0.420200 0.000000 0.000000 0.000000 1.000000
0.992980 -0.052204 -0.106140 0.000000 0.030888 0.980643 -0.193352 17.795601 0.114179 0.188716 0.975371 0.420200 0.000000 0.000000 0.000000 1.000000
0.992519 -0.058208 -0.107325 0.000000 0.036104 0.979651 -0.197435 17.795601 0.116633 0.192083 0.974423 0.420200 0.000000 0.000000 0.000000 1.000000
0.992278 -0.062953 -0.106873 0.000000 0.040428 0.978726 -0.201148 17.795601 0.117262 0.195274 0.973713 0.420200 0.000000 0.000000 0.000000 1.000000
0.992202 -0.065791 -0.105859 0.000000 0.043149 0.978129 -0.203473 17.795601 0.116930 0.197319 0.973341 0.420200 0.000000 0.000000 0.000000 1.000000
0.992233 -0.066708 -0.104997 0.000000 0.044120 0.977902 -0.204354 17.795601 0.116309 0.198135 0.973250 0.420200 0.000000 0.000000 0.000000 1.000000
0.992341 -0.066277 -0.104244 0.000000 0.043740 0.977732 -0.205249 17.795601 0.115526 0.199117 0.973142 0.420200 0.000000 0.000000 0.000000 1.000000
0.992607 -0.064723 -0.102672 0.000000 0.042205 0.977220 -0.207991 17.795601 0.113795 0.202120 0.972727 0.420200 0.000000 0.000000 0.000000 1.000000
0.993140 -0.061759 -0.099291 0.000000 0.039457 0.976338 -0.212620 17.795601 0.110073 0.207244 0.972077 0.420200 0.000000 0.000000 0.000000 1.000000
0.993964 -0.057146 -0.093652 0.000000 0.035638 0.975516 -0.217021 17.795601 0.103761 0.212373 0.971664 0.420200 0.000000 0.000000 0.000000 1.000000
0.995027 -0.050931 -0.085602 -0.000000 0.031058 0.975184 -0.219205 17.795601 0.094642 0.215456 0.971916 0.420200 0.000000 0.000000 0.000000 1.000000
0.996218 -0.043147 -0.075413 0.000000 0.025687 0.975440 -0.218763 17.795601 0.083000 0.215999 0.972860 0.420200 0.000000 0.000000 0.000000 1.000000
0.997385 -0.033455 -0.064069 0.000000 0.018924 0.976377 -0.215244 17.795601 0.069756 0.213469 0.974456 0.420200 0.000000 0.000000 0.000000 1.000000
0.998409 -0.021232 -0.052235 0.000000 0.009971 0.978277 -0.207060 17.795601 0.055497 0.206210 0.976933 0.420200 0.000000 0.000000 0.000000 1.000000
0.999228 -0.006372 -0.038754 0.000000 -0.001273 0.980976 -0.194126 17.795601 0.039254 0.194026 0.980211 0.420200 0.000000 0.000000 0.000000 1.000000
0.999719 0.010089 -0.021449 0.000000 -0.013798 0.983480 -0.180488 17.795601 0.019274 0.180733 0.983343 0.420200 0.000000 0.000000 0.000000 1.000000
0.999652 0.026387 -0.000543 0.000000 -0.026087 0.984765 -0.171924 17.795601 -0.004002 0.171878 0.985110 0.420200 0.000000 0.000000 0.000000 1.000000
0.999016 0.040062 0.019011 0.000000 -0.036240 0.984672 -0.170612 17.795601 -0.025555 0.169756 0.985155 0.420200 0.000000 0.000000 0.000000 1.000000
0.998572 0.045834 0.027445 0.000000 -0.040462 0.984326 -0.171656 17.795601 -0.034883 0.170301 0.984775 0.420200 0.000000 0.000000 0.000000 1.000000</float_array><technique_common><accessor source="#Spine2-Matrix-animation-output-transform-array" count="44" stride="16"><param type="float4x4"/></accessor></technique_common></source><source id="Spine2-Interpolations"><Name_array id="Spine2-Interpolations-array" count="44">
 LINEAR LINEAR LINEAR LINEAR LINEAR LINEAR LINEAR LINEAR LINEAR LINEAR LINEAR
LINEAR LINEAR LINEAR LINEAR LINEAR LINEAR LINEAR LINEAR LINEAR LINEAR LINEAR LINEAR
LINEAR LINEAR LINEAR LINEAR LINEAR LINEAR LINEAR LINEAR LINEAR LINEAR LINEAR LINEAR
LINEAR LINEAR LINEAR LINEAR LINEAR LINEAR LINEAR LINEAR LINEAR</Name_array><technique_common><accessor source="#Spine2-Interpolations-array" count="44"><param type="name"/></accessor></technique_common></source><sampler id="Spine2-Matrix-animation-transform"><input semantic="INPUT" source="#Spine2-Matrix-animation-input"/><input semantic="OUTPUT" source="#Spine2-Matrix-animation-output-transform"/><input semantic="INTERPOLATION" source="#Spine2-Interpolations"/></sampler><channel source="#Spine2-Matrix-animation-transform" target="Spine2/matrix"/></animation>
    <animation id="Neck-anim" name="Neck"><source id="Neck-Matrix-animation-input"><float_array id="Neck-Matrix-animation-input-array" count="44">

0.000000 0.033333 0.066667 0.100000 0.133333 0.166667 0.200000 0.233333 0.266667 0.300000 0.333333 0.366667 0.400000 0.433333 0.466667 0.500000
0.533333 0.566667 0.600000 0.633333 0.666667 0.700000 0.733333 0.766667 0.800000 0.833333 0.866667 0.900000 0.933333 0.966667 1.000000 1.033333
1.066667 1.100000 1.133333 1.166667 1.200000 1.233333 1.266667 1.300000 1.333333 1.366667 1.400000 1.433333</float_array><technique_common><accessor source="#Neck-Matrix-animation-input-array" count="44"><param name="TIME" type="float"/></accessor></technique_common></source><source id="Neck-Matrix-animation-output-transform"><float_array id="Neck-Matrix-animation-output-transform-array" count="704">

0.996216 -0.057823 -0.064892 0.000000 0.056885 0.998249 -0.016209 39.131302 0.065716 0.012457 0.997761 11.954600 0.000000 0.000000 0.000000 1.000000
0.995834 -0.063248 -0.065687 0.000000 0.062757 0.997983 -0.009518 39.131302 0.066157 0.005356 0.997795 11.954600 0.000000 0.000000 0.000000 1.000000
0.995426 -0.066172 -0.068909 -0.000000 0.066031 0.997808 -0.004317 39.131302 0.069043 -0.000253 0.997614 11.954600 0.000000 0.000000 0.000000 1.000000
0.995070 -0.066318 -0.073741 0.000000 0.066387 0.997793 -0.001521 39.131302 0.073679 -0.003382 0.997276 11.954600 0.000000 0.000000 0.000000 1.000000
0.994781 -0.064494 -0.079069 -0.000000 0.064569 0.997912 -0.001615 39.131302 0.079008 -0.003499 0.996868 11.954600 0.000000 0.000000 0.000000 1.000000
0.994561 -0.061905 -0.083769 0.000000 0.061762 0.998082 -0.004297 39.131302 0.083874 -0.000900 0.996476 11.954600 0.000000 0.000000 0.000000 1.000000
0.994448 -0.058860 -0.087227 0.000000 0.058330 0.998260 -0.008619 39.131302 0.087582 0.003483 0.996151 11.954600 0.000000 0.000000 0.000000 1.000000
0.994542 -0.054609 -0.088902 -0.000000 0.053681 0.998476 -0.012796 39.131302 0.089465 0.007954 0.995958 11.954600 0.000000 0.000000 0.000000 1.000000
0.995034 -0.048698 -0.086812 0.000000 0.047700 0.998770 -0.013526 39.131302 0.087364 0.009318 0.996133 11.954600 0.000000 0.000000 0.000000 1.000000
0.996140 -0.042247 -0.076942 0.000000 0.041823 0.999100 -0.007113 39.131302 0.077173 0.003867 0.997010 11.954600 0.000000 0.000000 0.000000 1.000000
0.997684 -0.037374 -0.056827 -0.000000 0.037784 0.999267 0.006144 39.131302 0.056556 -0.008277 0.998365 11.954600 0.000000 0.000000 0.000000 1.000000
0.998891 -0.035039 -0.031433 0.000000 0.035669 0.999169 0.019703 39.131302 0.030717 -0.020802 0.999312 11.954600 0.000000 0.000000 0.000000 1.000000
0.999351 -0.034230 -0.011182 0.000000 0.034517 0.999052 0.026515 39.131302 0.010264 -0.026884 0.999586 11.954600 0.000000 0.000000 0.000000 1.000000
0.999423 -0.033881 -0.002326 0.000000 0.033930 0.999098 0.025521 39.131302 0.001459 -0.025586 0.999672 11.954600 0.000000 0.000000 0.000000 1.000000
0.999440 -0.033266 -0.003549 0.000000 0.033330 0.999249 0.019761 39.131302 0.002889 -0.019869 0.999798 11.954600 0.000000 0.000000 0.000000 1.000000
0.999472 -0.030705 -0.010590 -0.000000 0.030831 0.999453 0.011938 39.131302 0.010218 -0.012259 0.999873 11.954600 0.000000 0.000000 0.000000 1.000000
0.999491 -0.024658 -0.020222 0.000000 0.024740 0.999687 0.003808 39.131302 0.020122 -0.004306 0.999788 11.954600 0.000000 0.000000 0.000000 1.000000
0.999423 -0.016089 -0.029915 0.000000 0.016013 0.999868 -0.002806 39.131302 0.029956 0.002326 0.999549 11.954600 0.000000 0.000000 0.000000 1.000000
0.999297 -0.007960 -0.036643 0.000000 0.007722 0.999948 -0.006608 39.131302 0.036694 0.006320 0.999307 11.954600 0.000000 0.000000 0.000000 1.000000
0.999281 -0.002143 -0.037855 -0.000000 0.001836 0.999965 -0.008142 39.131302 0.037871 0.008066 0.999250 11.954600 0.000000 0.000000 0.000000 1.000000
0.999442 0.002103 -0.033333 -0.000000 -0.002415 0.999954 -0.009315 39.131302 0.033311 0.009390 0.999401 11.954600 0.000000 0.000000 0.000000 1.000000
0.999659 0.006308 -0.025352 0.000000 -0.006595 0.999915 -0.011232 39.131302 0.025279 0.011396 0.999615 11.954600 0.000000 0.000000 0.000000 1.000000
0.999806 0.010379 -0.016747 0.000000 -0.010600 0.999857 -0.013194 39.131302 0.016607 0.013369 0.999773 11.954600 0.000000 0.000000 0.000000 1.000000
0.999876 0.012681 -0.009352 0.000000 -0.012812 0.999819 -0.014095 39.131302 0.009172 0.014213 0.999857 11.954600 0.000000 0.000000 0.000000 1.000000
0.999922 0.011701 -0.004470 0.000000 -0.011763 0.999832 -0.014064 39.131302 0.004305 0.014115 0.999891 11.954600 0.000000 0.000000 0.000000 1.000000
0.999968 0.006922 -0.004005 0.000000 -0.006977 0.999877 -0.014016 39.131302 0.003907 0.014043 0.999894 11.954600 0.000000 0.000000 0.000000 1.000000
0.999942 -0.001398 -0.010642 0.000000 0.001245 0.999897 -0.014319 39.131302 0.010661 0.014305 0.999841 11.954600 0.000000 0.000000 0.000000 1.000000
0.999600 -0.012403 -0.025406 0.000000 0.012031 0.999819 -0.014737 39.131302 0.025584 0.014426 0.999569 11.954600 0.000000 0.000000 0.000000 1.000000
0.998772 -0.023994 -0.043346 0.000000 0.023351 0.999610 -0.015292 39.131302 0.043696 0.014261 0.998943 11.954600 0.000000 0.000000 0.000000 1.000000
0.997950 -0.032979 -0.054847 0.000000 0.032111 0.999346 -0.016633 39.131302 0.055360 0.014838 0.998356 11.954600 0.000000 0.000000 0.000000 1.000000
0.997797 -0.037358 -0.054823 0.000000 0.036338 0.999150 -0.019484 39.131302 0.055505 0.017449 0.998306 11.954600 0.000000 0.000000 0.000000 1.000000
0.998181 -0.037724 -0.047025 0.000000 0.036672 0.999062 -0.023039 39.131302 0.047850 0.021273 0.998628 11.954600 0.000000 0.000000 0.000000 1.000000
